[{"id": 0, "img_name": "frame_0001.png", "width": 474, "height": 847, "position": [-0.5815244845748011, 2.44663484027791, -1.4620017746146443], "rotation": [[0.9897216272250976, -0.13035148927847703, 0.058818278160685966], [0.12805082675733317, 0.9909057674568807, 0.04133697845094162], [-0.06367170776465937, -0.03338037243011611, 0.997412484565317]], "fy": 725.3788885004187, "fx": 725.6493971033568}, {"id": 1, "img_name": "frame_0002.png", "width": 474, "height": 847, "position": [-0.5220503864155407, 2.441125187153898, -1.4504956145673018], "rotation": [[0.9915382917504822, -0.11870866525732686, 0.05253635679564539], [0.11679501360976902, 0.9924242406535835, 0.03811891077997906], [-0.05666339901937855, -0.031660375171214394, 0.997891216443751]], "fy": 725.3788885004187, "fx": 725.6493971033568}, {"id": 2, "img_name": "frame_0003.png", "width": 474, "height": 847, "position": [-0.39130653940818894, 2.420709644271838, -1.461845090728281], "rotation": [[0.9938098701215498, -0.10236762855083549, 0.04316029047477195], [0.1009319482627418, 0.994304281477377, 0.03423065374258006], [-0.0464185724562457, -0.029662509344884642, 0.9984815730250052]], "fy": 725.3788885004187, "fx": 725.6493971033568}, {"id": 3, "img_name": "frame_0004.png", "width": 474, "height": 847, "position": [-0.2894882081156119, 2.439533816780963, -1.443040260558727], "rotation": [[0.9960735101525704, -0.08306816781090728, 0.030614406230989658], [0.0821705834367521, 0.9961816608798121, 0.02949735148115138], [-0.03294780098885015, -0.026865926808464422, 0.9990959235162165]], "fy": 725.3788885004187, "fx": 725.6493971033568}, {"id": 4, "img_name": "frame_0005.png", "width": 474, "height": 847, "position": [-0.10417606961237154, 2.4400720675037992, -1.4309356153460788], "rotation": [[0.9979762941680707, -0.0610873007343327, 0.01765383719075341], [0.060646263942623534, 0.9978580390615144, 0.02452273537171067], [-0.01911405107155658, -0.023402469299253548, 0.999543384492305]], "fy": 725.3788885004187, "fx": 725.6493971033568}, {"id": 5, "img_name": "frame_0006.png", "width": 474, "height": 847, "position": [0.08659676786740185, 2.528504459824742, -1.4689142440855285], "rotation": [[0.9993151321335474, -0.03693637244745313, 0.0022295917415017033], [0.03688582654148305, 0.9991281072128487, 0.019556614676934404], [-0.0029499981800625735, -0.01946098064573022, 0.9998062651049173]], "fy": 725.3788885004187, "fx": 725.6493971033568}, {"id": 6, "img_name": "frame_0007.png", "width": 474, "height": 847, "position": [0.17730561057776542, 2.5701389923770916, -1.5683520197112106], "rotation": [[0.9998170472351989, -0.013546967624523041, -0.013503767106549863], [0.01374932142431515, 0.9997928589097791, 0.015006513032058562], [0.013297677175307042, -0.01518943518339637, 0.9997962056542077]], "fy": 725.3788885004187, "fx": 725.6493971033568}, {"id": 7, "img_name": "frame_0008.png", "width": 474, "height": 847, "position": [0.21335182500273644, 2.522199201717362, -1.6189956157827798], "rotation": [[0.9995601725166035, 0.009791648461450024, -0.027992590787301663], [-0.009481969602678835, 0.9998926078152139, 0.011174304852844989], [0.028098999466739327, -0.010903965191517432, 0.9995456716789235]], "fy": 725.3788885004187, "fx": 725.6493971033568}, {"id": 8, "img_name": "frame_0009.png", "width": 474, "height": 847, "position": [0.37618467714454723, 2.527186844271987, -1.7254425431418052], "rotation": [[0.9984306408675199, 0.03339798141560985, -0.04495364517184361], [-0.03304054550850441, 0.9994163969555294, 0.008671092718242146], [0.04521700708111815, -0.007172191700622732, 0.9989514412306713]], "fy": 725.3788885004187, "fx": 725.6493971033568}, {"id": 9, "img_name": "frame_0010.png", "width": 474, "height": 847, "position": [0.34283725180919716, 2.542160171900766, -1.5899432635572521], "rotation": [[0.9962749567386537, 0.05840834865978659, -0.06344032930424245], [-0.05799379487458228, 0.9982819558545983, 0.00835801239305364], [0.06381951371985524, -0.004647732990864455, 0.9979506341731572]], "fy": 725.3788885004187, "fx": 725.6493971033568}, {"id": 10, "img_name": "frame_0011.png", "width": 474, "height": 847, "position": [0.21544400796619828, 2.4982941332923474, -1.48186472508103], "rotation": [[0.9934561859696276, 0.08704253939665885, -0.07394865038702055], [-0.08667459457764644, 0.9962031220295193, 0.00817644870585312], [0.07437957524402325, -0.001713474254234013, 0.9972285308756959]], "fy": 725.3788885004187, "fx": 725.6493971033568}, {"id": 11, "img_name": "frame_0012.png", "width": 474, "height": 847, "position": [0.17512956953383632, 2.4960077501301323, -1.4479357106556752], "rotation": [[0.988850819493181, 0.12092637266577928, -0.08689573741882492], [-0.12065941424104483, 0.9926589511550054, 0.008337412479457804], [0.08726604461457073, 0.00224033161423453, 0.996182522619016]], "fy": 725.3788885004187, "fx": 725.6493971033568}, {"id": 12, "img_name": "frame_0013.png", "width": 474, "height": 847, "position": [0.3595007248493066, 2.4796573758137805, -1.4100643281262029], "rotation": [[0.98113921215187, 0.16098023759099242, -0.107010324189564], [-0.16074596094134302, 0.9869359734792449, 0.010868316043425459], [0.1073619225752415, 0.006538146352232126, 0.9941985064478948]], "fy": 725.3788885004187, "fx": 725.6493971033568}, {"id": 13, "img_name": "frame_0014.png", "width": 474, "height": 847, "position": [0.4970163110379827, 2.53446604892595, -1.481010071710766], "rotation": [[0.9698837938675977, 0.20557516006355922, -0.13063031791217924], [-0.20556747392147523, 0.9785471762870512, 0.013690779604608716], [0.13064241293905518, 0.013574879206842893, 0.9913366141709794]], "fy": 725.3788885004187, "fx": 725.6493971033568}, {"id": 14, "img_name": "frame_0015.png", "width": 474, "height": 847, "position": [0.6463739632447402, 2.496551494701927, -1.406723910103346], "rotation": [[0.9554356229655102, 0.2513688755780845, -0.1547787413022754], [-0.2515646111321294, 0.9676608733471179, 0.018646195832757274], [0.1544604052644164, 0.02112161413582001, 0.9877731827812748]], "fy": 725.3788885004187, "fx": 725.6493971033568}, {"id": 15, "img_name": "frame_0016.png", "width": 474, "height": 847, "position": [0.9129217075499115, 2.351695640687439, -1.2692523076253748], "rotation": [[0.9367921458012174, 0.29873879244604007, -0.1821417290272395], [-0.2989189998129492, 0.9538930128796343, 0.02712105326567809], [0.18184583337535282, 0.029038833779879963, 0.9828981834435995]], "fy": 725.3788885004187, "fx": 725.6493971033568}, {"id": 16, "img_name": "frame_0017.png", "width": 474, "height": 847, "position": [1.1468578407625203, 2.2714462122306474, -1.131557924015885], "rotation": [[0.9128607859571741, 0.3485249660631094, -0.21263944481765076], [-0.348254774267268, 0.9365468594004426, 0.03998240046847953], [0.21308166899502304, 0.03755433633917744, 0.9763123855408264]], "fy": 725.3788885004187, "fx": 725.6493971033568}, {"id": 17, "img_name": "frame_0018.png", "width": 474, "height": 847, "position": [1.206347712218404, 2.2099358416862507, -1.0907928494215362], "rotation": [[0.8844397757127243, 0.3988507995513781, -0.24224847333771224], [-0.39815743900235895, 0.9157239740054021, 0.054039404131027], [0.24338639424649172, 0.04865843327707998, 0.9687081190775225]], "fy": 725.3788885004187, "fx": 725.6493971033568}, {"id": 18, "img_name": "frame_0019.png", "width": 474, "height": 847, "position": [1.2286975575103976, 2.096253359917069, -0.9880332049681937], "rotation": [[0.8519171449584454, 0.44798236418394544, -0.2711991510053337], [-0.44668108041874893, 0.8919355553229792, 0.07019243226037886], [0.2733371371068888, 0.06134139329075891, 0.9599604382199083]], "fy": 725.3788885004187, "fx": 725.6493971033568}, {"id": 19, "img_name": "frame_0020.png", "width": 474, "height": 847, "position": [1.4344397197954941, 1.908164856912058, -0.8745091145489481], "rotation": [[0.8088457328399832, 0.5033710245909027, -0.30395096984358444], [-0.502196667832777, 0.8602397860974824, 0.08823841132189997], [0.3058873767977457, 0.08127190176969101, 0.948592531437251]], "fy": 725.3788885004187, "fx": 725.6493971033568}, {"id": 20, "img_name": "frame_0021.png", "width": 474, "height": 847, "position": [1.8870559846311945, 1.62914128450589, -0.8329590102642219], "rotation": [[0.7478718527208498, 0.5646444942858677, -0.3490906572518666], [-0.5638959145525771, 0.8178329104765144, 0.1147637926021368], [0.3502985718766151, 0.11102218523417011, 0.9300349374765626]], "fy": 725.3788885004187, "fx": 725.6493971033568}, {"id": 21, "img_name": "frame_0022.png", "width": 474, "height": 847, "position": [2.4042263978337526, 1.5135948148120664, -0.7576943710786799], "rotation": [[0.6928424289301635, 0.6131025703734152, -0.37957160968078596], [-0.6150295626174298, 0.7772396323887524, 0.13280508631377747], [0.3764412381511413, 0.14143476250805012, 0.9155808004613941]], "fy": 725.3788885004187, "fx": 725.6493971033568}, {"id": 22, "img_name": "frame_0023.png", "width": 474, "height": 847, "position": [2.6908295145280294, 1.4087319687146367, -0.710673132393755], "rotation": [[0.640656471314614, 0.6511737527880745, -0.40685627614994796], [-0.6556475001456031, 0.7397130817351709, 0.1514955849610066], [0.399606858444057, 0.16969767349540077, 0.9008424159056453]], "fy": 725.3788885004187, "fx": 725.6493971033568}, {"id": 23, "img_name": "frame_0024.png", "width": 474, "height": 847, "position": [2.86346101352327, 1.2802361124129744, -0.6803823410183287], "rotation": [[0.5924373149130613, 0.6808763174947989, -0.43061057601192715], [-0.6881440908757878, 0.7056247663906582, 0.16897159302339673], [0.4188982431227631, 0.19621704648386326, 0.8865794564379507]], "fy": 725.3788885004187, "fx": 725.6493971033568}, {"id": 24, "img_name": "frame_0025.png", "width": 474, "height": 847, "position": [2.6828158278122323, 1.2353720245916524, -0.7055842491403458], "rotation": [[0.5439893801557366, 0.7060827590059842, -0.4533461058752736], [-0.716820898665988, 0.6718987626839235, 0.18633263788047977], [0.4361689506526834, 0.22360498683685426, 0.8716406692830636]], "fy": 725.3788885004187, "fx": 725.6493971033568}, {"id": 25, "img_name": "frame_0026.png", "width": 474, "height": 847, "position": [2.633291245774221, 1.2742683291670904, -0.5931986653599309], "rotation": [[0.49470993945288927, 0.7295616706149863, -0.47223071117409215], [-0.7432477306691323, 0.636783892119739, 0.2051562467779656], [0.45038304437634363, 0.2494915700105051, 0.8572683767829009]], "fy": 725.3788885004187, "fx": 725.6493971033568}, {"id": 26, "img_name": "frame_0027.png", "width": 474, "height": 847, "position": [2.8866713968619977, 0.9522199177349411, -0.3999780574941071], "rotation": [[0.43115955999638345, 0.7543307916832052, -0.495062107762565], [-0.7696919742346817, 0.5938076016820049, 0.23444998823498264], [0.4708244881295396, 0.279959977323999, 0.8366281805403779]], "fy": 725.3788885004187, "fx": 725.6493971033568}, {"id": 27, "img_name": "frame_0028.png", "width": 474, "height": 847, "position": [3.2577926738562057, 0.7001741094579104, -0.26958378052611565], "rotation": [[0.37233902317804296, 0.7729506477998149, -0.5137226371152696], [-0.793690136166884, 0.5520962762841635, 0.25543231875499545], [0.48106093124490346, 0.3126291697506914, 0.819050293114397]], "fy": 725.3788885004187, "fx": 725.6493971033568}, {"id": 28, "img_name": "frame_0029.png", "width": 474, "height": 847, "position": [3.501612840474306, 0.5184425681108483, -0.17701152554459204], "rotation": [[0.31540721555344975, 0.7869298797773229, -0.5303391864556752], [-0.8142680294796185, 0.511429613730106, 0.2746039445588014], [0.48732521435300097, 0.3452261787778014, 0.802080432963103]], "fy": 725.3788885004187, "fx": 725.6493971033568}, {"id": 29, "img_name": "frame_0030.png", "width": 474, "height": 847, "position": [3.5840079637522284, 0.5054600151150064, -0.15308713575357033], "rotation": [[0.25605504371302956, 0.7981383318408368, -0.5453540298149862], [-0.8320541185792095, 0.4691503432546345, 0.29594577067333355], [0.49205869400356406, 0.3779856593448816, 0.7842225978541564]], "fy": 725.3788885004187, "fx": 725.6493971033568}, {"id": 30, "img_name": "frame_0031.png", "width": 474, "height": 847, "position": [3.5418363608792247, 0.5257084362086443, -0.20666112061266415], "rotation": [[0.19348768237376465, 0.8062771044534967, -0.558998879787531], [-0.8476145285107554, 0.4243052775168178, 0.3186136257740183], [0.49407704644834405, 0.41216775990543175, 0.7655100325060534]], "fy": 725.3788885004187, "fx": 725.6493971033568}, {"id": 31, "img_name": "frame_0032.png", "width": 474, "height": 847, "position": [3.4460110582053796, 0.3904551895963467, -0.03607709450818288], "rotation": [[0.1271046995323098, 0.8123328794219145, -0.5691745675685996], [-0.8580323889213574, 0.3779308462182497, 0.34777678910281795], [0.4976191464551071, 0.4441661496409411, 0.7450447077823125]], "fy": 725.3788885004187, "fx": 725.6493971033568}, {"id": 32, "img_name": "frame_0033.png", "width": 474, "height": 847, "position": [3.4310144261497046, 0.06362555936060696, 0.15525795805300724], "rotation": [[0.054338243403390836, 0.8172602018438939, -0.5737012443649665], [-0.8642189676979132, 0.32629189389416335, 0.38296106309925654], [0.5001729012801339, 0.4749940657113912, 0.724021896329093]], "fy": 725.3788885004187, "fx": 725.6493971033568}, {"id": 33, "img_name": "frame_0034.png", "width": 474, "height": 847, "position": [3.4261589810539026, -0.17938895928573853, 0.34614498294983237], "rotation": [[-0.01957756680238122, 0.8166824144918617, -0.5767551930740122], [-0.8709348401166918, 0.26936979752113605, 0.4109895575976769], [0.49100837380742346, 0.5103623673853362, 0.7060035628860696]], "fy": 725.3788885004187, "fx": 725.6493971033568}, {"id": 34, "img_name": "frame_0035.png", "width": 474, "height": 847, "position": [3.4438387850912617, -0.43550692458051876, 0.47267217459029887], "rotation": [[-0.10022570994963673, 0.8102857189579623, -0.5774009531667483], [-0.8708985075322332, 0.20918196527401234, 0.44472316668038614], [0.4811346969853867, 0.5474303234722024, 0.6847112123369237]], "fy": 725.3788885004187, "fx": 725.6493971033568}, {"id": 35, "img_name": "frame_0036.png", "width": 474, "height": 847, "position": [3.411278906206752, -0.5536048558619645, 0.5641064586804427], "rotation": [[-0.1823125034657236, 0.7965819956820094, -0.5763846590908952], [-0.8649574422722822, 0.1488250093231881, 0.479270007050039], [0.4675583109493958, 0.5859251153135697, 0.6618768655172412]], "fy": 725.3788885004187, "fx": 725.6493971033568}, {"id": 36, "img_name": "frame_0037.png", "width": 474, "height": 847, "position": [3.304646588898137, -0.6826740823563083, 0.6921385758638584], "rotation": [[-0.2680558017277357, 0.7760583280317548, -0.5708586152916129], [-0.8452184751176554, 0.0949188657454242, 0.5259240803056913], [0.46233301469815635, 0.6234772493188178, 0.6304952839648803]], "fy": 725.3788885004187, "fx": 725.6493971033568}, {"id": 37, "img_name": "frame_0038.png", "width": 474, "height": 847, "position": [3.3541417319202136, -0.9598365322479616, 0.8222747626498559], "rotation": [[-0.3397479677594997, 0.7544019988208704, -0.5616484154507734], [-0.8270083605112424, 0.044771400374630226, 0.5604040447329061], [0.44791571757172804, 0.65488407056789, 0.6086857679202254]], "fy": 725.3788885004187, "fx": 725.6493971033568}, {"id": 38, "img_name": "frame_0039.png", "width": 474, "height": 847, "position": [3.4410573516646132, -1.360520795531628, 1.0214139893830247], "rotation": [[-0.40477215052551124, 0.7274239072031781, -0.5540884093610107], [-0.8087665174459382, -0.0020513648326138576, 0.5881262722925176], [0.42668047344274124, 0.6861852892124586, 0.5891464354904413]], "fy": 725.3788885004187, "fx": 725.6493971033568}, {"id": 39, "img_name": "frame_0040.png", "width": 474, "height": 847, "position": [3.4676358773823788, -1.655605903619025, 1.0262026034360523], "rotation": [[-0.4677760014453531, 0.6964683738233665, -0.5441667177764847], [-0.7855446913193741, -0.0454209345402518, 0.617135703589931], [0.40509893904050887, 0.7161485481164682, 0.5683538568699331]], "fy": 725.3788885004187, "fx": 725.6493971033568}, {"id": 40, "img_name": "frame_0041.png", "width": 474, "height": 847, "position": [3.490787311132687, -1.7064576041383743, 1.010496822091822], "rotation": [[-0.5297627569508248, 0.6600962599146062, -0.5325639388792762], [-0.757853564017103, -0.08648941161899137, 0.6466664961047349], [0.3808009937676576, 0.7461853049508206, 0.5460751723169763]], "fy": 725.3788885004187, "fx": 725.6493971033568}, {"id": 41, "img_name": "frame_0042.png", "width": 474, "height": 847, "position": [3.375797388497216, -1.8091885181438527, 1.320231490059792], "rotation": [[-0.5933270287669407, 0.6203162680290669, -0.5130017198344319], [-0.7195824349371125, -0.12309415666534622, 0.6834097950167406], [0.36078269950840247, 0.7746325297928935, 0.5194037808122807]], "fy": 725.3788885004187, "fx": 725.6493971033568}, {"id": 42, "img_name": "frame_0043.png", "width": 474, "height": 847, "position": [3.148055420054596, -2.2411966294045786, 1.5229182103408587], "rotation": [[-0.6528895668951381, 0.5776203690494054, -0.4899897169315984], [-0.6792321907470779, -0.16016898559686268, 0.716232872120372], [0.3352295400056568, 0.8004377585497207, 0.49691100832593255]], "fy": 725.3788885004187, "fx": 725.6493971033568}, {"id": 43, "img_name": "frame_0044.png", "width": 474, "height": 847, "position": [2.8351191327030576, -2.69004250954484, 1.739279298215769], "rotation": [[-0.7081570979225236, 0.5273155707878743, -0.46952296372659685], [-0.6388757636352717, -0.1954589302199466, 0.7440655651464608], [0.30058490198510895, 0.8268821532733258, 0.4753047667514711]], "fy": 725.3788885004187, "fx": 725.6493971033568}, {"id": 44, "img_name": "frame_0045.png", "width": 474, "height": 847, "position": [2.6721155738633255, -2.915936795193031, 1.7696366240925452], "rotation": [[-0.7630734824864602, 0.4700971269564262, -0.4435397970343793], [-0.5905388960313387, -0.2282481882811491, 0.7740585099464122], [0.262645526518295, 0.8525910249197362, 0.45178077828327445]], "fy": 725.3788885004187, "fx": 725.6493971033568}, {"id": 45, "img_name": "frame_0046.png", "width": 474, "height": 847, "position": [2.4768011948261335, -2.954280305748851, 1.846951681855016], "rotation": [[-0.815904853809852, 0.4073188545935923, -0.41035426185442236], [-0.5336199622761103, -0.2572440896325703, 0.8056520428879659], [0.2225960587925277, 0.8763086380047123, 0.427240173167692]], "fy": 725.3788885004187, "fx": 725.6493971033568}, {"id": 46, "img_name": "frame_0047.png", "width": 474, "height": 847, "position": [2.132006459549094, -2.991916065077293, 2.0343385012089965], "rotation": [[-0.8688047802103653, 0.3447573801414163, -0.3554160980057682], [-0.45688698997827654, -0.28147096814716327, 0.8438177365277937], [0.19087307896141145, 0.8954978743293172, 0.40205848430230307]], "fy": 725.3788885004187, "fx": 725.6493971033568}, {"id": 47, "img_name": "frame_0048.png", "width": 474, "height": 847, "position": [1.592700668039598, -3.2780631922240193, 2.241794958995963], "rotation": [[-0.9029799223073881, 0.2852198809627075, -0.32136720338790237], [-0.40291499757581195, -0.3021968034717415, 0.8639077477948351], [0.14928752338432646, 0.9095750169585135, 0.3877970137671174]], "fy": 725.3788885004187, "fx": 725.6493971033568}, {"id": 48, "img_name": "frame_0049.png", "width": 474, "height": 847, "position": [1.1779031659584598, -3.499098113828242, 2.2926432692253487], "rotation": [[-0.9308519231762703, 0.22693815599195874, -0.28638046454674204], [-0.348908256386559, -0.31926001581997165, 0.8810993536054389], [0.1085252309112014, 0.9200935363611682, 0.3763643960340428]], "fy": 725.3788885004187, "fx": 725.6493971033568}, {"id": 49, "img_name": "frame_0050.png", "width": 474, "height": 847, "position": [1.211576293609885, -3.6012801041087714, 2.2931599899880895], "rotation": [[-0.9533302699887416, 0.1698556175660004, -0.249620643185745], [-0.2937450875644166, -0.3305839668294996, 0.8968991383689947], [0.06982277461520452, 0.9283659354244663, 0.36504995560674924]], "fy": 725.3788885004187, "fx": 725.6493971033568}, {"id": 50, "img_name": "frame_0051.png", "width": 474, "height": 847, "position": [1.2129819025806508, -3.7208022186059186, 2.2143960118627044], "rotation": [[-0.9706949423808526, 0.11310086169525312, -0.21203660985788408], [-0.23827165458952898, -0.338142079194896, 0.9104320693478019], [0.03127215143544693, 0.9342741189616374, 0.35518153553226084]], "fy": 725.3788885004187, "fx": 725.6493971033568}, {"id": 51, "img_name": "frame_0052.png", "width": 474, "height": 847, "position": [0.8404067357547182, -3.7476304545011527, 2.2084874146073723], "rotation": [[-0.9843039670613328, 0.05812588270468797, -0.16663457680542418], [-0.17645448057694688, -0.3406453732353976, 0.9234850004074977], [-0.003084916796581331, 0.9383933671190973, 0.3455551646774228]], "fy": 725.3788885004187, "fx": 725.6493971033568}, {"id": 52, "img_name": "frame_0053.png", "width": 474, "height": 847, "position": [0.34329199590321463, -3.78722351938684, 2.289944856649071], "rotation": [[-0.9926789100716996, 0.0054652910699927925, -0.12065948819874142], [-0.11520662878675364, -0.3428833359508084, 0.9322866783403246], [-0.03627690976989504, 0.9393620965957509, 0.34100269397290944]], "fy": 725.3788885004187, "fx": 725.6493971033568}, {"id": 53, "img_name": "frame_0054.png", "width": 474, "height": 847, "position": [-0.04868119933426512, -3.8179504024537043, 2.3493907278818766], "rotation": [[-0.9953128240031487, -0.04517881262918616, -0.0855058902315715], [-0.06510728526735801, -0.34073567379506126, 0.9379020428640404], [-0.07150820778058649, 0.9390729873086767, 0.33619711588168943]], "fy": 725.3788885004187, "fx": 725.6493971033568}, {"id": 54, "img_name": "frame_0055.png", "width": 474, "height": 847, "position": [-0.4262885786224336, -3.828817223413097, 2.315501914840211], "rotation": [[-0.9944797096326404, -0.09254798296565787, -0.04944671857633417], [-0.01574323857237898, -0.33430238196923856, 0.9423343715735653], [-0.1037413011689754, 0.9379108637065046, 0.3309999307750478]], "fy": 725.3788885004187, "fx": 725.6493971033568}, {"id": 55, "img_name": "frame_0056.png", "width": 474, "height": 847, "position": [-0.5278474015914684, -3.843105170086324, 2.299857542343855], "rotation": [[-0.9905301390240826, -0.13638512292806876, -0.015784230384367524], [0.02966295445590412, -0.3248371682985803, 0.9453046721690878], [-0.13405279862008915, 0.9358845614367487, 0.32580659116486044]], "fy": 725.3788885004187, "fx": 725.6493971033568}, {"id": 56, "img_name": "frame_0057.png", "width": 474, "height": 847, "position": [-0.4963454380600055, -3.941144729445904, 2.2485028600880006], "rotation": [[-0.984033997570616, -0.17712444582312398, 0.017436235747531566], [0.07347372568778618, -0.3150438958001785, 0.9462288070824105], [-0.16210707343835498, 0.9324024208521217, 0.32302789713947994]], "fy": 725.3788885004187, "fx": 725.6493971033568}, {"id": 57, "img_name": "frame_0058.png", "width": 474, "height": 847, "position": [-0.6414931503494151, -4.133241995875505, 2.3713498293528605], "rotation": [[-0.976139708986594, -0.2124671264486202, 0.04482174381071015], [0.1100761056441162, -0.3062485042279572, 0.9455660234083942], [-0.1871751038621115, 0.9279383459243424, 0.32232887965151835]], "fy": 725.3788885004187, "fx": 725.6493971033568}, {"id": 58, "img_name": "frame_0059.png", "width": 474, "height": 847, "position": [-0.9404489434282379, -4.162122212150105, 2.1949689102797727], "rotation": [[-0.9643756338406263, -0.2545357827877617, 0.0720497892787411], [0.14911125192457672, -0.29806737482609375, 0.9428264286780287], [-0.21850737150946423, 0.9199822690383234, 0.3254030627562114]], "fy": 725.3788885004187, "fx": 725.6493971033568}, {"id": 59, "img_name": "frame_0060.png", "width": 474, "height": 847, "position": [-1.3813106613690962, -3.7475982090338187, 1.992890565117433], "rotation": [[-0.9392091163513234, -0.3169022776110261, 0.1321331987333639], [0.22795054986855456, -0.28773799380869086, 0.9301856770202245], [-0.25675821812980026, 0.903758703063984, 0.3424841953417937]], "fy": 725.3788885004187, "fx": 725.6493971033568}, {"id": 60, "img_name": "frame_0061.png", "width": 474, "height": 847, "position": [-1.6903471137851038, -3.327259830478505, 1.8521722189437098], "rotation": [[-0.9001104335482089, -0.3902175597784953, 0.19373038857693836], [0.3129864891768085, -0.2698749925853066, 0.9106080089532796], [-0.3030522479877532, 0.8802827638989627, 0.365050120629993]], "fy": 725.3788885004187, "fx": 725.6493971033568}, {"id": 61, "img_name": "frame_0062.png", "width": 474, "height": 847, "position": [-1.829750131552797, -3.125980578852689, 1.8905724484042832], "rotation": [[-0.8530928922300313, -0.4586981109739398, 0.24865349427574812], [0.38907580347437426, -0.24173650683169545, 0.8889226515370049], [-0.34763851394425566, 0.8550786538405394, 0.38469203184999917]], "fy": 725.3788885004187, "fx": 725.6493971033568}, {"id": 62, "img_name": "frame_0063.png", "width": 474, "height": 847, "position": [-2.0323982208521105, -2.9844626494080897, 1.7812950264192189], "rotation": [[-0.7996248334905504, -0.5194391255903444, 0.3013023738226251], [0.4595528796431311, -0.20636032715626548, 0.8638440635830437], [-0.38653754859898987, 0.8292155390378897, 0.4037205882057364]], "fy": 725.3788885004187, "fx": 725.6493971033568}, {"id": 63, "img_name": "frame_0064.png", "width": 474, "height": 847, "position": [-2.175902876710727, -2.828392525278969, 1.6955951616437543], "rotation": [[-0.7428780650537942, -0.5714461887347836, 0.3486852934128719], [0.5213064995028217, -0.1670629040672618, 0.8368569290271347], [-0.4199663248857518, 0.803454565899717, 0.4220059792193142]], "fy": 725.3788885004187, "fx": 725.6493971033568}, {"id": 64, "img_name": "frame_0065.png", "width": 474, "height": 847, "position": [-2.346210233664919, -2.609650361287954, 1.591725038270162], "rotation": [[-0.6876171269456002, -0.6145313120033522, 0.38669620284988265], [0.5691097991706733, -0.1254385710405128, 0.812637189269129], [-0.4508843789919927, 0.7788558476783448, 0.43598950138535686]], "fy": 725.3788885004187, "fx": 725.6493971033568}, {"id": 65, "img_name": "frame_0066.png", "width": 474, "height": 847, "position": [-2.548417538071169, -2.4393849449262426, 1.481907496699471], "rotation": [[-0.6315652090785581, -0.6497184225941217, 0.42307370282654483], [0.6119940908892477, -0.0827392940454776, 0.7865223721786301], [-0.4760132554858118, 0.755658772570439, 0.44987909491232986]], "fy": 725.3788885004187, "fx": 725.6493971033568}, {"id": 66, "img_name": "frame_0067.png", "width": 474, "height": 847, "position": [-2.719319654684631, -2.272252631577627, 1.4219699187952257], "rotation": [[-0.5743955435330059, -0.6795102299361933, 0.45643795523760283], [0.6502798278788036, -0.040098999417434764, 0.7586357595708457], [-0.49719805412263635, 0.7325693944315322, 0.46490448193030137]], "fy": 725.3788885004187, "fx": 725.6493971033568}, {"id": 67, "img_name": "frame_0068.png", "width": 474, "height": 847, "position": [-2.9338260633019453, -2.0308187448623043, 1.3022849901848648], "rotation": [[-0.5181893963943526, -0.7039603575713854, 0.4857155180066032], [0.6818915310804312, 0.0027370483421991034, 0.7314481857296232], [-0.5162399532245071, 0.7102339921000256, 0.47860629661593385]], "fy": 725.3788885004187, "fx": 725.6493971033568}, {"id": 68, "img_name": "frame_0069.png", "width": 474, "height": 847, "position": [-3.0618339390587246, -1.8287148339482082, 1.2276299367157406], "rotation": [[-0.4622446023786673, -0.7230644080031, 0.5133300979398286], [0.7113009510883045, 0.04333227082462224, 0.7015506191901298], [-0.5295100419752777, 0.6894201739029022, 0.494286292813215]], "fy": 725.3788885004187, "fx": 725.6493971033568}, {"id": 69, "img_name": "frame_0070.png", "width": 474, "height": 847, "position": [-3.180684197244398, -1.5893663500732025, 1.075367563238512], "rotation": [[-0.4083952676672928, -0.7391132548499214, 0.5356537144948353], [0.7346879697954676, 0.08209392277648833, 0.6734197612789378], [-0.5417073863118111, 0.6685597836755682, 0.5094908470884473]], "fy": 725.3788885004187, "fx": 725.6493971033568}, {"id": 70, "img_name": "frame_0071.png", "width": 474, "height": 847, "position": [-3.326362821207785, -1.3365490732803158, 0.9263442868715679], "rotation": [[-0.35463992323925725, -0.7514467376661457, 0.5563796593116611], [0.7579295214673483, 0.11741026513935811, 0.6416834656808462], [-0.5475156302181056, 0.6492631439492098, 0.5279052988709794]], "fy": 725.3788885004187, "fx": 725.6493971033568}, {"id": 71, "img_name": "frame_0072.png", "width": 474, "height": 847, "position": [-3.368734393545162, -1.137586208091234, 0.769243715708271], "rotation": [[-0.3041365896122442, -0.7634065797914539, 0.569834474904904], [0.7717244632736054, 0.1532603245786228, 0.6172135981126151], [-0.558517938515943, 0.627472443093057, 0.5425274606088909]], "fy": 725.3788885004187, "fx": 725.6493971033568}, {"id": 72, "img_name": "frame_0073.png", "width": 474, "height": 847, "position": [-3.4124482890852326, -1.0214506301916118, 0.651519948680692], "rotation": [[-0.2517766208013051, -0.7737000451560919, 0.5813748991342303], [0.7836109342992544, 0.18955875947293047, 0.5916260477309405], [-0.5679458045135334, 0.6045293349644371, 0.5585533513487593]], "fy": 725.3788885004187, "fx": 725.6493971033568}, {"id": 73, "img_name": "frame_0074.png", "width": 474, "height": 847, "position": [-3.331498651247196, -1.0300150220179884, 0.5291119271826248], "rotation": [[-0.2041346254029148, -0.7834868125686592, 0.586922029951691], [0.7905678089777574, 0.22165438024604772, 0.5708518854535283], [-0.5773487629844887, 0.5805322990572899, 0.5741521188949299]], "fy": 725.3788885004187, "fx": 725.6493971033568}, {"id": 74, "img_name": "frame_0075.png", "width": 474, "height": 847, "position": [-3.1507592019586066, -0.9116837008457138, 0.5966218578402356], "rotation": [[-0.13899372728652323, -0.7950233283109702, 0.5904393713298146], [0.7952343930833157, 0.265708080125321, 0.5449784181172007], [-0.590155067615631, 0.5452862767367826, 0.5952981375496875]], "fy": 725.3788885004187, "fx": 725.6493971033568}, {"id": 75, "img_name": "frame_0076.png", "width": 474, "height": 847, "position": [-3.3908547481093896, -0.409097348192983, 0.18834157030939405], "rotation": [[-0.01851210190294859, -0.8022841479057298, 0.5966552171080981], [0.7989430773244623, 0.3469153919336392, 0.4912633408212421], [-0.6011216692803989, 0.48578787228450493, 0.634557232929261]], "fy": 725.3788885004187, "fx": 725.6493971033568}, {"id": 76, "img_name": "frame_0077.png", "width": 474, "height": 847, "position": [-3.571460142373813, -0.12016256093629762, -0.006755540432300182], "rotation": [[0.10803650081524094, -0.7919411762549949, 0.6009636327128733], [0.7948441687008078, 0.43189341134967657, 0.4262520718014882], [-0.5971188005530561, 0.43162165676040165, 0.6761300787877178]], "fy": 725.3788885004187, "fx": 725.6493971033568}, {"id": 77, "img_name": "frame_0078.png", "width": 474, "height": 847, "position": [-3.5947040879078145, 0.14293193888908767, -0.12740299101869568], "rotation": [[0.20995260108348962, -0.7718320107415114, 0.600162688354576], [0.7787725956688536, 0.5031509870226911, 0.3746362615835361], [-0.5911287080945002, 0.3887343970538326, 0.706719476888617]], "fy": 725.3788885004187, "fx": 725.6493971033568}, {"id": 78, "img_name": "frame_0079.png", "width": 474, "height": 847, "position": [-3.6524227004412255, 0.4023574980861847, -0.38701083208272086], "rotation": [[0.2952748664252614, -0.7480500178683773, 0.594334858497013], [0.7593502159115774, 0.5612731491429102, 0.3291803482078501], [-0.5798275630328251, 0.35410961977658956, 0.7337617967222705]], "fy": 725.3788885004187, "fx": 725.6493971033568}, {"id": 79, "img_name": "frame_0080.png", "width": 474, "height": 847, "position": [-3.674975623548447, 0.5180160282384213, -0.6320887452257885], "rotation": [[0.3696415628785753, -0.7212590937126684, 0.5857904358466981], [0.7358087229057323, 0.6122016702749652, 0.28947303537355235], [-0.567406942404232, 0.3240284472840663, 0.7570039148261771]], "fy": 725.3788885004187, "fx": 725.6493971033568}, {"id": 80, "img_name": "frame_0081.png", "width": 474, "height": 847, "position": [-3.4127819275448825, 0.5503368918890944, -0.8122365526558902], "rotation": [[0.42870916234647766, -0.6953730468418834, 0.5767709942828412], [0.7103352550920723, 0.6539222471142536, 0.26040261155050926], [-0.558240342051219, 0.2980637858829562, 0.7742904494126588]], "fy": 725.3788885004187, "fx": 725.6493971033568}, {"id": 81, "img_name": "frame_0082.png", "width": 474, "height": 847, "position": [-3.1523994835085976, 0.8235839178836059, -0.755873339252729], "rotation": [[0.4922695831154306, -0.6636871501953219, 0.5631962572718081], [0.6755907557380523, 0.6993017660212504, 0.2335683428910003], [-0.5488604451959056, 0.26551159429518856, 0.792625892205257]], "fy": 725.3788885004187, "fx": 725.6493971033568}, {"id": 82, "img_name": "frame_0083.png", "width": 474, "height": 847, "position": [-2.9707690847900388, 1.5059193244689604, -1.0870714882022365], "rotation": [[0.607209058972872, -0.5967842280200495, 0.5245433670229683], [0.6103500903579365, 0.7730218599430095, 0.172944994869203], [-0.5086943344498125, 0.2151413238705281, 0.833633183637683]], "fy": 725.3788885004187, "fx": 725.6493971033568}, {"id": 83, "img_name": "frame_0084.png", "width": 474, "height": 847, "position": [-2.883914803412995, 1.9580349732567088, -1.3616178286802119], "rotation": [[0.7243106969527693, -0.499623247704109, 0.47513221805450345], [0.5178503947809857, 0.8491841710904132, 0.1035239691794362], [-0.4551977404436129, 0.17106388842501563, 0.873803274869088]], "fy": 725.3788885004187, "fx": 725.6493971033568}, {"id": 84, "img_name": "frame_0085.png", "width": 474, "height": 847, "position": [-2.735985353189335, 2.2716894186821905, -1.5745589176120036], "rotation": [[0.8053930777381026, -0.40544296344301367, 0.43238639401129825], [0.42807679359329814, 0.9024225645527595, 0.04882390575222035], [-0.40999054759643827, 0.14577214542074923, 0.9003656104611085]], "fy": 725.3788885004187, "fx": 725.6493971033568}, {"id": 85, "img_name": "frame_0086.png", "width": 474, "height": 847, "position": [-2.5289287910335236, 2.428763302607537, -1.6528972024266428], "rotation": [[0.8630917672566057, -0.32308400914722607, 0.388187228444245], [0.34835567411166324, 0.9373456304038351, 0.005611904939104129], [-0.36567871910746724, 0.1303836346946657, 0.9215634444766839]], "fy": 725.3788885004187, "fx": 725.6493971033568}, {"id": 86, "img_name": "frame_0087.png", "width": 474, "height": 847, "position": [-2.3685823716787615, 2.5307265854605383, -1.7492814216410562], "rotation": [[0.9046225055087083, -0.252397585700877, 0.343443709011412], [0.277622630503297, 0.9603520813039537, -0.02548636827000331], [-0.32339418294022665, 0.11840328824628514, 0.9388273876346441]], "fy": 725.3788885004187, "fx": 725.6493971033568}, {"id": 87, "img_name": "frame_0088.png", "width": 474, "height": 847, "position": [-2.1817292051633697, 2.6874990545743347, -1.8448331576287704], "rotation": [[0.9338379371442228, -0.191454845426686, 0.30214524539179244], [0.21517068229092132, 0.9754480836082619, -0.04693201111639015], [-0.28574163965492, 0.10883969104886936, 0.9521058959063873]], "fy": 725.3788885004187, "fx": 725.6493971033568}, {"id": 88, "img_name": "frame_0089.png", "width": 474, "height": 847, "position": [-2.0041839364379426, 2.7849787145185703, -1.9367788616408583], "rotation": [[0.9547353736486875, -0.13339729667698866, 0.2658674999754064], [0.15523871833734337, 0.9858783903184701, -0.06280716385924037], [-0.25373471704297806, 0.10123715099870197, 0.9619613987186733]], "fy": 725.3788885004187, "fx": 725.6493971033568}, {"id": 89, "img_name": "frame_0090.png", "width": 474, "height": 847, "position": [-1.8065913967747893, 2.8395369047639805, -2.006497184998949], "rotation": [[0.9706290957972198, -0.07040602888533476, 0.23004814602267235], [0.09032635502949841, 0.9929133336235237, -0.07722863134683942], [-0.22298051031190236, 0.09573976712536135, 0.9701100911813183]], "fy": 725.3788885004187, "fx": 725.6493971033568}, {"id": 90, "img_name": "frame_0091.png", "width": 474, "height": 847, "position": [-1.3604845467980797, 2.9879089253936004, -2.233280868113615], "rotation": [[0.9820964180704697, 0.0161079468793199, 0.1876889971748112], [0.0020068061249229638, 0.9953863156559333, -0.09592734403747319], [-0.18836825194902204, 0.09458655640332711, 0.9775330096755968]], "fy": 725.3788885004187, "fx": 725.6493971033568}, {"id": 91, "img_name": "frame_0092.png", "width": 474, "height": 847, "position": [-1.036685596446188, 3.382634418108553, -2.357546681235149], "rotation": [[0.9880988501498474, 0.11779874661322712, 0.09891469875049921], [-0.10591859671952199, 0.9873713743631856, -0.11780925242578072], [-0.11154332432519913, 0.10593028077233992, 0.9880975976157298]], "fy": 725.3788885004187, "fx": 725.6493971033568}, {"id": 92, "img_name": "frame_0093.png", "width": 474, "height": 847, "position": [-0.7317394849066152, 3.5007099876004304, -2.5009837844428837], "rotation": [[0.9756075629636204, 0.2112521332502784, 0.059686005775159666], [-0.20199415485520536, 0.9703516796283057, -0.13272520200345164], [-0.08595489801353423, 0.11743148657720538, 0.9893541334970761]], "fy": 725.3788885004187, "fx": 725.6493971033568}, {"id": 93, "img_name": "frame_0094.png", "width": 474, "height": 847, "position": [-0.3338778621610518, 3.5796921724993545, -2.457996449865041], "rotation": [[0.9582451170824287, 0.2851342148525076, 0.021558643466757156], [-0.2792608945569419, 0.9493817304070973, -0.1438321338939334], [-0.061478844808107024, 0.131805953923447, 0.9893672433183701]], "fy": 725.3788885004187, "fx": 725.6493971033568}, {"id": 94, "img_name": "frame_0095.png", "width": 474, "height": 847, "position": [0.028672731751640538, 3.635878125888458, -2.4767024354888787], "rotation": [[0.9416009664377779, 0.33648190618902374, -0.012943987439877817], [-0.33456946154018813, 0.9305174828513018, -0.14899828694581058], [-0.03809062099981151, 0.14462759389369148, 0.9887527313117119]], "fy": 725.3788885004187, "fx": 725.6493971033568}]